Coin;1;5,26;16,25
Mur;1;1;2;
Coin;1;5,26;16,25
Mur;1;1;2;
Coin;1;5,26;16,25
Mur;1;1;2;
Coin;1;5,26;16,25
Mur;1;1;2;
Coin;1;5,26;16,25
Mur;1;1;2;
Coin;1;5,26;16,25
Mur;1;1;2;
Coin;1;5,26;16,25
Mur;1;1;2;
Coin;1;5,26;16,25
Mur;1;1;2;
Coin;1;5,26;16,25
Mur;1;1;2;
Coin;1;5,26;16,25
Mur;1;1;2;
Coin;1;5,26;16,25
Mur;1;1;2;
Coin;1;5,26;16,25
Mur;1;1;2;
Coin;1;5,26;16,25
Mur;1;1;2;
Coin;1;5,26;16,25
Mur;1;1;2;
Coin;1;5,26;16,25
Mur;1;1;2;
Coin;1;5,26;16,25
Mur;1;1;2;
Coin;1;5,26;16,25
Mur;1;1;2;
Coin;1;5,26;16,25
Mur;1;1;2;
Coin;1;5,26;16,25
Mur;1;1;2;
Coin;1;5,26;16,25
Mur;1;1;2;
Coin;1;5,26;16,25
Mur;1;1;2;
Coin;1;5,26;16,25
Mur;1;1;2;
Coin;1;5,26;16,25
Mur;1;1;2;
Coin;1;5,26;16,25
Mur;1;1;2;
Coin;1;5,26;16,25
Mur;1;1;2;
Coin;1;5,26;16,25
Mur;1;1;2;
Coin;1;5,26;16,25
Mur;1;1;2;
Coin;1;5,26;16,25
Mur;1;1;2;
Coin;1;5,26;16,25
Mur;1;1;2;
Coin;1;5,26;16,25
Mur;1;1;2;
Coin;1;5,26;16,25
Mur;1;1;2;
Coin;1;5,26;16,25
Mur;1;1;2;
Coin;1;5,26;16,25
Mur;1;1;2;
Coin;1;5,26;16,25
Mur;1;1;2;
Coin;1;5,26;16,25
Mur;1;1;2;
Coin;1;5,26;16,25
Mur;1;1;2;
Coin;1;5,26;16,25
Mur;1;1;2;
Coin;1;5,26;16,25
Mur;1;1;2;
Coin;1;5,26;16,25
Mur;1;1;2;
Coin;1;5,26;16,25
Mur;1;1;2;
Coin;1;5,26;16,25
Mur;1;1;2;
Coin;1;5,26;16,25
Mur;1;1;2;
Coin;1;5,26;16,25
Mur;1;1;2;
Coin;1;5,26;16,25
Mur;1;1;2;
Coin;1;5,26;16,25
Mur;1;1;2;
Coin;1;5,26;16,25
Mur;1;1;2;
Coin;1;5,26;16,25
Mur;1;1;2;
Coin;1;5,26;16,25
Mur;1;1;2;
Coin;1;5,26;16,25
Mur;1;1;2;
Coin;1;5,26;16,25
Mur;1;1;2;
Coin;1;5,26;16,25
Mur;1;1;2;
Coin;1;5,26;16,25
Mur;1;1;2;
Coin;1;5,26;16,25
Mur;1;1;2;
Coin;1;5,26;16,25
Mur;1;1;2;
Coin;1;5,26;16,25
Mur;1;1;2;
Coin;1;5,26;16,25
Mur;1;1;2;
Coin;1;5,26;16,25
Mur;1;1;2;
Coin;1;5,26;16,25
Mur;1;1;2;
Coin;1;5,26;16,25
Mur;1;1;2;
Coin;1;5,26;16,25
Mur;1;1;2;
Coin;1;5,26;16,25
Mur;1;1;2;
Coin;1;5,26;16,25
Mur;1;1;2;
Coin;1;5,26;16,25
Mur;1;1;2;
Coin;1;5,26;16,25
Mur;1;1;2;
